K0 = 4.3;
T0 = 5;
T1 = 1.85;
T2 = 5.35;